generation,mean_fitness,distance_from_optimum,phenotype_variance,population_size,n_parents,median_offspring,max_offspring,extinct
0,0.6342581665721102,0.011782545610507844,0.005318607579030717,100,65,1.0,5,0
1,0.698961221302726,0.011153463551404669,0.004015184395272175,100,62,1.0,5,0
2,0.7583654511160637,0.012067845242102044,0.0029224806288762903,100,60,1.0,4,0
3,0.7726656677477682,0.018272773799845324,0.002609390557829181,100,72,1.0,4,0
4,0.7643797115186223,0.012367438952017534,0.002912356587831299,100,66,1.0,4,0
5,0.8528112264012684,0.025897662597935137,0.0013308163959852115,100,66,1.0,4,0
6,0.8605418038804598,0.02520454569953475,0.0012479128570368197,100,65,1.0,4,0
7,0.8542585279994351,0.019407053546504505,0.0015281187629907114,100,62,1.0,5,0
8,0.8658218591583163,0.015861398739462733,0.0014293293556349156,100,65,1.0,5,0
9,0.8760336642244879,0.025613979069490915,0.001137324896473882,100,65,1.0,4,0
10,0.8898335423505085,0.024321689325959624,0.00099921334031729,100,63,1.0,4,0
11,0.8962047141129292,0.01877324813444399,0.0009689081711690562,100,61,1.0,3,0
12,0.8714541847484,0.02602459403397572,0.0010935707492893618,100,60,1.0,4,0
13,0.8689358418079617,0.025139617323506204,0.0011466911160135057,100,67,1.0,4,0
14,0.8787370826188347,0.021294441489478576,0.0011216838654642546,100,56,2.0,4,0
15,0.8514697274902723,0.022067174011569424,0.0014634888597061262,100,67,1.0,4,0
16,0.8482503144570136,0.023758949829234592,0.0014663677185509697,100,69,1.0,4,0
17,0.852869444776274,0.019000182213462967,0.0014990867064802176,100,62,1.0,4,0
18,0.8674491463355568,0.017886166831544793,0.0013364596572332972,100,65,1.0,5,0
19,0.8829015023921358,0.022246491604470186,0.0010260307310530215,100,56,2.0,5,0
20,0.8899605189637694,0.023348925042868025,0.0009265051789792,100,66,1.0,4,0
21,0.9208053329826469,0.01082479547798365,0.0008023196344012534,100,65,1.0,5,0
22,0.9200314629921468,0.0133947247415885,0.0007893695466838444,100,65,1.0,5,0
23,0.9193115306963721,0.020221139988293037,0.0006866665272318338,100,63,1.0,5,0
24,0.8910995038603433,0.029066983353963575,0.0007976296724940956,100,60,2.0,5,0
25,0.8903122173580016,0.029017508671641705,0.0008203489854595343,100,62,1.0,5,0
26,0.8615615421113075,0.03618009414835195,0.0009358807883936135,100,63,1.0,5,0
27,0.8740611944071699,0.03211178122089004,0.0009423593490541556,100,65,1.0,5,0
28,0.8883751976166653,0.03252160824565837,0.000771137114326877,100,64,1.0,3,0
29,0.9177371157697836,0.02589117578690924,0.0005868317003162988,100,61,1.0,4,0
30,0.9395016034496336,0.02256341932135128,0.0004247848884432565,100,62,1.0,5,0
31,0.9401344682682268,0.02160237728244147,0.0004440970248396818,100,58,1.5,4,0
32,0.9382423968356918,0.02474924892118282,0.00039011325961563567,100,65,1.0,5,0
33,0.9644360895231769,0.019710268504811505,0.00018871610360876663,100,68,1.0,4,0
34,0.9590670809829784,0.021956673075310986,0.0001919261345165732,100,63,1.0,4,0
35,0.9465390829857714,0.025176293789280206,0.0002715961005729778,100,62,1.0,5,0
36,0.9518666607033326,0.02514086385110476,0.0001978301432189796,100,64,1.0,4,0
37,0.9485349145128938,0.02733096649060378,0.00017396753917178645,100,67,1.0,4,0
38,0.9426233922984152,0.02912320437761132,0.00019783809033759286,100,61,1.0,4,0
39,0.9047183683361522,0.03592838142615781,0.000532019299028135,100,64,1.0,3,0
40,0.9256305304300979,0.03427116812995473,0.00021528725145894008,100,61,1.0,4,0
41,0.9188443012790427,0.03078428652035785,0.00040281617244560094,100,64,1.0,4,0
42,0.9197918069856901,0.032215440950423224,0.0003343778174324707,100,61,1.0,4,0
43,0.9077127951772275,0.03140246562813805,0.0005038220531681381,100,64,1.0,4,0
44,0.914553394767337,0.034189170317416785,0.0003237385111552303,100,64,1.0,6,0
45,0.9164543246711554,0.03239564769297449,0.0003652830661207751,100,63,1.0,5,0
46,0.9192131445982555,0.028074083484779886,0.0004761086591812026,100,66,1.0,4,0
47,0.9231308172016659,0.026721300325489233,0.0004785983344704058,100,65,1.0,4,0
48,0.9230744379076937,0.026729935651136516,0.0004813201837376475,100,66,1.0,3,0
49,0.9179582981035924,0.030493820033215453,0.00046001906112220234,100,64,1.0,4,0
50,0.935192588969539,0.02817528021580967,0.0002868758277959028,100,67,1.0,4,0
51,0.9273223970179781,0.026913817502270596,0.0004201959825415694,100,66,1.0,4,0
52,0.9080931089632139,0.02879307118773931,0.0006090518740752667,100,66,1.0,4,0
53,0.9223567475365119,0.024805297908669487,0.0005492645737469121,100,63,1.0,5,0
54,0.9250934275372146,0.02687388152222152,0.0004457448420178722,100,62,1.0,4,0
55,0.9191506449811377,0.02887837904088399,0.00046467214371373553,100,65,1.0,4,0
56,0.9120591623707128,0.03284544409699698,0.00044171722189212837,100,61,1.0,4,0
57,0.9184206920104567,0.028570739913123724,0.0005073792733076365,100,66,1.0,4,0
58,0.9306546608209068,0.02242687569342375,0.0005155377933434865,100,67,1.0,5,0
59,0.9468912510513142,0.01948756197509259,0.00038536031736693813,100,66,1.0,4,0
60,0.9501075369505005,0.018799326117927322,0.00036092908061807283,100,69,1.0,4,0
61,0.9609070750787561,0.013173412622714728,0.00032832658480123466,100,63,1.0,4,0
62,0.9675418282986996,0.009129216926476613,0.0002993138516827131,100,63,1.0,5,0
63,0.9701137542415682,0.00885845265231156,0.0002779307036527085,100,60,1.0,5,0
64,0.9634982462072875,0.007567189436518677,0.0003707868929629637,100,65,1.0,4,0
65,0.9513705917463199,0.0072297634921944754,0.0005208624831160981,100,61,1.0,4,0
66,0.9644863759091175,0.007579425092894738,0.0003565726482259851,100,65,1.0,4,0
67,0.962830326600224,0.00984059618163572,0.0003446239561975636,100,65,1.0,4,0
68,0.95441116605292,0.0036225849147229158,0.0004705891508733405,100,64,1.0,5,0
69,0.9481800690571481,0.0034918247934759778,0.0005358653605679999,100,62,1.0,4,0
70,0.9417732166581142,0.006932408445384133,0.0005933443048540632,100,59,1.0,6,0
71,0.9350438070467141,0.00948256766600915,0.0006472030196339484,100,61,1.0,5,0
72,0.9237968942502971,0.012337633348778552,0.0007452621969304831,100,62,1.0,4,0
73,0.9246540047800289,0.02150463859785321,0.0005634228225442962,100,59,1.0,4,0
74,0.9075576127776718,0.021004664229510393,0.00076936447095311,100,64,1.0,4,0
75,0.9003687281636789,0.01753991820189551,0.0009072231577809998,100,64,1.0,4,0
76,0.9026989716109227,0.014559753534042178,0.0009266552123841587,100,71,1.0,4,0
77,0.9068790489025639,0.012080569569804116,0.0009122784921566283,100,59,1.0,5,0
78,0.8970155891987246,0.015246201779826295,0.000982345417166229,100,59,1.0,5,0
79,0.8989605924465007,0.011864504924554245,0.0010119321051263249,100,65,1.0,3,0
80,0.8993293398945765,0.011883310845982365,0.0010078031896429752,100,61,1.0,5,0
81,0.8904983748847711,0.01882125131913378,0.0010049265739839914,100,66,1.0,4,0
82,0.8677074628633494,0.022881042383274333,0.0011992454631992973,100,65,1.0,4,0
83,0.8895892921470373,0.027247975529185876,0.0008296484002992043,100,62,1.0,4,0
84,0.864455527600605,0.02619454510235476,0.0012111610856518364,100,63,1.0,5,0
85,0.8867591761496945,0.021131988531888475,0.0010263861498278535,100,62,1.0,6,0
86,0.8919456015365881,0.020920058156019276,0.0009628798055777772,100,62,1.0,4,0
87,0.9088515490272586,0.019109333100028342,0.0008123533971724433,100,61,1.0,4,0
88,0.903985689134971,0.01955465285157047,0.0008630034123872762,100,64,1.0,5,0
89,0.875293510626734,0.02986008085752608,0.0009630674972639781,100,64,1.0,4,0
90,0.8665227363832514,0.030959736667797663,0.0010324397332552625,100,71,1.0,4,0
91,0.8740480700478126,0.034031586593951495,0.0008590555530899617,100,62,1.0,4,0
92,0.8398365869179746,0.04340911351431001,0.0009381702038361575,100,64,1.0,4,0
93,0.8349578593653254,0.04337018335033824,0.0009927989844986356,100,62,1.0,4,0
94,0.8494565286127174,0.041032273460399615,0.0009087489340631132,100,60,2.0,3,0
95,0.8347767368392983,0.04653927758954136,0.000893071218445906,100,68,1.0,5,0
96,0.8417871306690802,0.047532102885985666,0.0007061678039006168,100,68,1.0,3,0
97,0.8546228780839137,0.04574664715904303,0.0005703745543879689,100,63,1.0,4,0
98,0.8579942598721084,0.04446289883057498,0.0006873080153993445,100,61,1.0,5,0
99,0.8501290949142729,0.047759104587728106,0.0006969880637396313,100,70,1.0,3,0
100,0.829036174196616,0.05277899499990793,0.0007300106201879158,100,64,1.0,6,0
101,0.8178242845534034,0.055312253670934085,0.0007101935421347419,100,66,1.0,4,0
102,0.8424617434964836,0.0508008740112233,0.0004699409499759196,100,58,2.0,5,0
103,0.8510528526841576,0.051249177599752026,0.00033170121633415795,100,63,1.0,4,0
104,0.835159646467091,0.053021622792041076,0.0004449792008032985,100,63,1.0,3,0
105,0.8309130207739248,0.056552690445126806,0.0002741783087635525,100,66,1.0,5,0
106,0.8169167969374365,0.05081029572154623,0.0007639934616129475,100,59,2.0,4,0
107,0.7764458763930633,0.06128348282716176,0.0008550509790338382,100,62,1.0,3,0
108,0.7619234903596923,0.06640597860023699,0.0005907753931823791,100,64,1.5,4,0
109,0.7445882985792588,0.06376501864704115,0.0010446751323472398,100,65,1.0,4,0
110,0.7092774625079058,0.07181380174562686,0.0009950502293284943,100,67,1.0,6,0
111,0.6982019016036657,0.07216612735861634,0.0010855847081650976,100,63,1.0,3,0
112,0.6740611515381724,0.07230776776275875,0.0016118990999884457,100,66,1.0,4,0
113,0.7007260686111345,0.06641795849394334,0.0014417882272311248,100,64,1.0,4,0
114,0.6981956513597614,0.06051057022242177,0.0019463159869804749,100,59,1.0,4,0
115,0.7233264030177148,0.05543885845546036,0.0018776739300355103,100,63,1.0,4,0
116,0.7222827375404417,0.044247847511057,0.0024782356025675706,100,61,1.0,4,0
117,0.7260241825888809,0.04778951809174431,0.0022077977074466846,100,61,1.0,4,0
118,0.7649639274953806,0.03655505761872006,0.0022185964879431,100,60,1.0,4,0
119,0.80882483300117,0.025905580189845023,0.002011477086427452,100,67,1.0,5,0
120,0.8642437502390409,0.019410326935078735,0.001451394591737494,100,65,1.0,4,0
121,0.8849559909424696,0.018917733642408608,0.0012437889835267876,100,60,1.5,4,0
122,0.9317307367951737,0.021096958860413483,0.0005300432182943921,100,60,1.0,4,0
123,0.9408042768796889,0.018330819327885196,0.0005372599685803561,100,64,1.0,4,0
124,0.9565466921831098,0.016830949527925024,0.0003350074102993883,100,59,2.0,4,0
125,0.9549250263986836,0.015045932019776984,0.00039317066916453024,100,68,1.0,4,0
126,0.9262787930797383,0.012631714736353519,0.0007616702564112324,100,58,2.0,4,0
127,0.9269047715168515,0.015886665638610395,0.0007134430327088425,100,66,1.0,4,0
128,0.9398397481239682,0.016250034524960353,0.0005410025888823875,100,68,1.0,3,0
129,0.9148043408601986,0.02221207769481492,0.0007960800594999894,100,69,1.0,4,0
130,0.9190146253216949,0.0208410206080789,0.0007132623660983721,100,67,1.0,4,0
131,0.9089228366033122,0.02144767220663972,0.0008130849458551092,100,62,1.0,5,0
132,0.8965755226754076,0.020016685037163754,0.0009993824489538054,100,60,2.0,4,0
133,0.8968166047005849,0.02641758645175223,0.0008507594137993477,100,68,1.0,3,0
134,0.9253429214851119,0.023120524197206893,0.0005806421020176573,100,59,1.0,5,0
135,0.9146073104437401,0.028229345754332787,0.0005786425232954178,100,63,1.0,4,0
136,0.8980720388530338,0.024146488158468975,0.0009783305472075225,100,65,1.0,4,0
137,0.8967980914219364,0.03230795710260621,0.0006199626056675617,100,59,1.0,4,0
138,0.9003935585054719,0.035110510613289014,0.0004812420188172852,100,61,1.0,4,0
139,0.900542126226532,0.029013768624431877,0.0006722286477182248,100,63,1.0,4,0
140,0.866074093558846,0.02553170788855608,0.001234344387942479,100,63,1.0,4,0
141,0.8798613498030602,0.020187271870867322,0.0011465638320558532,100,65,1.0,4,0
142,0.8818148003359909,0.0255711730527516,0.0010532254108914503,100,65,1.0,3,0
143,0.8930634150093525,0.026085758845421407,0.0008467830906158606,100,58,1.0,5,0
144,0.91099980255509,0.02505257388510027,0.0006568836193980283,100,67,1.0,4,0
145,0.9166168101320042,0.027782221497487842,0.0005076396858731234,100,62,1.0,4,0
146,0.9014216737760653,0.028919366650222586,0.0006629728937028681,100,67,1.0,4,0
147,0.9114592157110706,0.028452816233112393,0.000547002868868241,100,64,1.0,3,0
148,0.9137792646346949,0.026870093920078133,0.0005546187926741303,100,62,1.0,4,0
149,0.9126423590013011,0.025673989010177693,0.0006119653611034271,100,69,1.0,4,0
150,0.9184376784474984,0.026521714763022394,0.0005081531805475172,100,65,1.0,3,0
151,0.8873907009533025,0.0173221706446746,0.0011322612279626998,100,60,1.0,6,0
152,0.8987508286740425,0.02206197498287592,0.0008734885287259159,100,61,1.0,3,0
153,0.901436225911997,0.015033036900937744,0.0009597521748177005,100,63,1.0,5,0
154,0.9142655952518584,0.019745635621284712,0.0007355169365213536,100,64,1.0,5,0
155,0.918747090786619,0.01757434787316364,0.0007132074235248698,100,59,1.0,4,0
156,0.9185329567223087,0.020668762330478287,0.0006564965159588716,100,64,1.0,4,0
157,0.8945800859286728,0.015109715185088747,0.0010614989179311967,100,64,1.0,4,0
158,0.8675108530050046,0.024268165688705115,0.0012465276737071943,100,61,1.0,4,0
159,0.8923477638729267,0.022964991041340865,0.0009400417812134215,100,72,1.0,4,0
160,0.9231858010027524,0.01790958248934346,0.000663166204532975,100,62,1.0,4,0
161,0.9159080012280156,0.01730665489843401,0.0007853018799383912,100,57,1.0,4,0
162,0.9159962076521788,0.014419987089806982,0.0008082208396573518,100,63,1.0,4,0
163,0.9204475233103347,0.013386031195517184,0.000773878853813813,100,66,1.0,4,0
164,0.9371921484406106,0.009426377321945144,0.0006373601679317455,100,69,1.0,4,0
165,0.9462137288125679,0.009898040671843912,0.000523319352623901,100,63,1.0,4,0
166,0.9451124343147136,0.009935401836394945,0.0005476063765865787,100,61,1.0,4,0
167,0.9357357405848749,0.011715447862534853,0.0006345493943427543,100,62,1.0,4,0
168,0.9260007318151889,0.011535919142171181,0.0007631526779539676,100,56,2.0,4,0
169,0.9212445916690842,0.019118183718625763,0.0006820285668065979,100,68,1.0,4,0
170,0.9087276519386629,0.01779247213909732,0.0008484834275939231,100,60,1.0,5,0
171,0.878565026133187,0.025394084120270582,0.0010249665399269829,100,68,1.0,4,0
172,0.8822464412908231,0.02332943892978696,0.0010278039253173135,100,61,1.0,4,0
173,0.8733231067428384,0.02008194221696728,0.0012161931387846096,100,66,1.0,3,0
174,0.8976142427141118,0.021378045252136414,0.0008880049125753992,100,58,2.0,5,0
175,0.8829941008270772,0.022457091261260845,0.0010304448052224132,100,60,1.0,4,0
176,0.8760920531817337,0.020284294052107077,0.0011630521878186542,100,56,1.0,5,0
177,0.8955159119119636,0.025028310344684234,0.0008235543989440477,100,64,1.0,4,0
178,0.8807353963295337,0.026052122414845662,0.0009706800535248599,100,60,2.0,5,0
179,0.869956371128636,0.027609305227443197,0.001053510638290477,100,65,1.0,3,0
180,0.8444681890489804,0.03155656008031937,0.0012732110971759897,100,63,1.0,4,0
181,0.8416162699460883,0.03077342725140372,0.0013414236693612776,100,64,1.0,4,0
182,0.8625903863205037,0.029118547135585985,0.001131511782213399,100,63,1.0,5,0
183,0.8802924156019634,0.031010265138194902,0.0008415815314895285,100,68,1.0,4,0
184,0.9018594283069358,0.026710503467391098,0.0006952932941570666,100,66,1.0,3,0
185,0.8942843676268062,0.028605252575356527,0.0007536366192993135,100,68,1.0,5,0
186,0.9087823843949333,0.02849046872391181,0.000577792699638374,100,61,1.0,5,0
187,0.8932314747878717,0.031279774567779875,0.0006755170513977403,100,64,1.0,4,0
188,0.8886173130915394,0.03115166965700259,0.0007738150055052036,100,63,1.0,5,0
189,0.9003033821471769,0.03220355585547685,0.0005603438213720765,100,63,1.0,3,0
190,0.8844042536389637,0.03656438327900679,0.0006066218605077325,100,58,1.0,5,0
191,0.8804406035251615,0.034039896293403385,0.0007531898407200177,100,58,1.0,6,0
192,0.8763504009516511,0.03139986600480686,0.0008815398740721285,100,68,1.0,3,0
193,0.8741161754673135,0.03955066728810959,0.0006181770260148215,100,59,1.0,4,0
194,0.857970159085421,0.04419825744589402,0.000678892063945049,100,63,1.0,6,0
195,0.8511748383582155,0.04406955762689599,0.0007034513154299546,100,69,1.0,4,0
196,0.8610280605986113,0.04317714927563978,0.0006371980628159113,100,62,1.0,4,0
197,0.8481914166365531,0.04153125702629322,0.0009927727226289854,100,63,1.0,4,0
198,0.8278911288302983,0.043781969884675594,0.0010877354140622826,100,59,1.0,4,0
199,0.8646174072706977,0.03707738096318043,0.0008763298315224983,100,66,1.0,4,0
200,0.8655447236843168,0.037293838656080845,0.0008556888694663497,100,64,1.0,6,0
201,0.8865518133212876,0.036219695544084614,0.0005965999302482897,100,62,1.0,5,0
202,0.8748088194788227,0.039403205972002746,0.0006194437690442111,100,64,1.0,4,0
203,0.8823558046923885,0.03923137395163595,0.0005324499727624186,100,65,1.0,4,0
204,0.8580094562674354,0.04479819510985498,0.0005932607740863009,100,66,1.0,3,0
205,0.8570421103555206,0.03827828986052179,0.0008894508918052691,100,68,1.0,4,0
206,0.8665427298634056,0.03794124534748206,0.000783031646715896,100,67,1.0,4,0
207,0.8584263134774468,0.04281148279580954,0.0006631489839709773,100,61,1.0,4,0
208,0.8372310625153383,0.05021608826594862,0.0005984299407230163,100,57,1.0,6,0
209,0.8455827368385666,0.04813193091963536,0.0006130750854234969,100,62,1.0,4,0
210,0.8258408317079522,0.051089604266893365,0.0007375326142532879,100,65,1.0,4,0
211,0.8177370430890596,0.051401558032271456,0.0007778811237751656,100,66,1.0,3,0
212,0.8021830979721142,0.05484528994539532,0.0008173224824128461,100,63,1.0,5,0
213,0.7664695350928121,0.06274305541177709,0.0008143819545853659,100,63,1.0,4,0
214,0.7797235131408853,0.059670761057144056,0.0008445825870532454,100,64,1.0,4,0
215,0.7819625797900904,0.05999422407848154,0.000798587390720681,100,59,1.0,4,0
216,0.8070508697407088,0.056593029030641284,0.000673732889132839,100,59,1.0,4,0
217,0.7592629177552174,0.06431735214442941,0.000909807664240418,100,60,1.0,5,0
218,0.7691161959279565,0.06324167373588027,0.0008907867435428466,100,67,1.0,3,0
219,0.7815321689332067,0.055672676465240586,0.001143656228923601,100,69,1.0,2,0
220,0.803458212385896,0.054722432965391435,0.0008481925947078648,100,67,1.0,5,0
221,0.8013511984320718,0.05809786867415985,0.0006640242263058208,100,63,1.0,4,0
222,0.8021674087024163,0.0601975035755202,0.0005068126879872847,100,60,2.0,3,0
223,0.8043482608972876,0.06109966875122961,0.00040631886044481893,100,67,1.0,4,0
224,0.8123085433684115,0.05857252188342748,0.0003839232408974055,100,65,1.0,4,0
225,0.7992303320487157,0.06013365541455084,0.000531837550258032,100,66,1.0,4,0
226,0.7842512072604058,0.06344840940716559,0.0005644107865429998,100,67,1.0,4,0
227,0.7898422350206541,0.0529224924728841,0.0010200660732683896,100,70,1.0,3,0
228,0.7761901628072024,0.05952806832028689,0.0008183585679311749,100,63,1.0,6,0
229,0.7912472063513022,0.053769882609711904,0.0009706532582446733,100,64,1.0,3,0
230,0.796802082312229,0.050957500713401896,0.0010571463740428463,100,65,1.0,4,0
231,0.8133933463195031,0.05334720098266857,0.0007110635432578005,100,63,1.0,4,0
232,0.8286397842953722,0.050410925743116924,0.0006725819433557239,100,60,1.0,5,0
233,0.8333865747145733,0.0473539989028251,0.0007828246555120653,100,66,1.0,4,0
234,0.8290465128531895,0.048569754833359215,0.0007612106421089687,100,61,1.0,3,0
235,0.8222187071692075,0.05177610775829908,0.0007268983008876052,100,68,1.0,3,0
236,0.8136119041997094,0.055091471068841415,0.0006910683645487053,100,61,1.0,4,0
237,0.8398997877802786,0.050534507492451045,0.0005475551257519153,100,59,2.0,4,0
238,0.8329615369270862,0.052644165702238906,0.0005201889993860077,100,56,2.0,5,0
239,0.8493123927650257,0.04828396831590442,0.0005412092375550422,100,64,1.0,4,0
240,0.871773748851624,0.04320480513608153,0.0004957740653727746,100,67,1.0,5,0
241,0.8804930177023121,0.041172339710657715,0.0004957536149799357,100,64,1.0,5,0
242,0.8797314264549629,0.041657061450493804,0.0004972256580387547,100,70,1.0,4,0
243,0.8888613253378834,0.040557936830161574,0.0004134199531768363,100,62,1.0,6,0
244,0.8933160890990304,0.039758877470845,0.0003862276533910451,100,67,1.0,3,0
245,0.8873961264670374,0.039960315347596365,0.0004598893305658324,100,64,1.0,5,0
246,0.8666947127490569,0.044352628428135796,0.0006080698901913548,100,69,1.0,4,0
247,0.8883328486436891,0.040673534947185806,0.0004609397999345733,100,67,1.0,3,0
248,0.9041461932302833,0.03605490152917865,0.0004491408242264777,100,61,2.0,4,0
249,0.904239286636745,0.03412858560182666,0.000523146478255026,100,65,1.0,3,0
250,0.9194308260034011,0.03306301287278272,0.00035662451851553047,100,64,1.0,5,0
251,0.9179376915506681,0.03183075888734649,0.0004323917947328287,100,63,1.0,5,0
252,0.9321758225815203,0.02966993772680572,0.0003140634642337355,100,64,1.0,5,0
253,0.9396514744463648,0.028748871242249077,0.00022244995507903422,100,59,2.0,6,0
254,0.943806212904729,0.027000771088298313,0.00023601725646469582,100,64,1.0,4,0
255,0.9354911134585342,0.024603245534595915,0.00039390137213443784,100,64,1.0,4,0
256,0.9400398268589083,0.021095008210684513,0.00041745120175632166,100,62,1.0,4,0
257,0.907236533927519,0.023324256199428513,0.0007906435041824401,100,64,1.0,3,0
258,0.9130031298038213,0.018750087023496023,0.0008132926045678703,100,70,1.0,3,0
259,0.9263351225655819,0.012072182895880426,0.0007388015088715066,100,63,1.0,4,0
260,0.9298998062305985,0.015281887584921916,0.0006369482555985876,100,60,1.0,5,0
261,0.9404681583233427,0.015258297733182545,0.0005416487563149395,100,61,1.0,3,0
262,0.9480101201896806,0.011753088823360047,0.00048014695314549236,100,74,1.0,5,0
263,0.9510272790036778,0.01448783997363955,0.0004071887700146323,100,63,1.0,4,0
264,0.9414023426645077,0.014941060787901998,0.0005130075057127612,100,62,1.0,5,0
265,0.918869847161328,0.022941678095103196,0.0006333775941948173,100,59,2.0,4,0
266,0.9376057199700831,0.020997636255230125,0.0004521947207617653,100,59,1.0,6,0
267,0.9336225701037634,0.019773563045239764,0.0005283112674274611,100,67,1.0,5,0
268,0.938221150635758,0.025120923195124455,0.000349953186366973,100,66,1.0,4,0
269,0.9340250701374392,0.021477879776373342,0.00048369211273358536,100,66,1.0,4,0
270,0.9462529963595943,0.021588253514622003,0.0003370850398207784,100,66,1.0,6,0
271,0.9226719620007522,0.028291902530378023,0.00046003908103367535,100,60,1.5,5,0
272,0.9247795582812892,0.031715238520261514,0.00032941404499439925,100,64,1.0,4,0
273,0.932317944922707,0.02935968099440014,0.00028293428715621074,100,63,1.0,4,0
274,0.9160000494230846,0.02995177795035418,0.0004872377379048185,100,68,1.0,3,0
275,0.9135257893213083,0.030381151065427155,0.0004755713985620572,100,63,1.0,4,0
276,0.9006606835179889,0.03159894652367033,0.0005947864807580319,100,62,1.0,4,0
277,0.88124720016372,0.037647127042626835,0.0006476004623155739,100,66,1.0,4,0
278,0.8856625118983851,0.03887001577823656,0.0005099047129787263,100,70,1.0,5,0
279,0.9006571863464249,0.04042787899587942,0.0002485625790141778,100,64,1.0,3,0
280,0.8732826467253765,0.04231057542518725,0.0005062151621487524,100,61,2.0,4,0
281,0.86361090864479,0.04214826590312505,0.0006678381671187925,100,61,1.0,3,0
282,0.8742436664064545,0.03814886795291945,0.0006502151586679217,100,61,1.0,5,0
283,0.866619294754432,0.04007143352092654,0.0006575471147425155,100,58,1.5,5,0
284,0.8483003851699367,0.04680482103736913,0.0006163311309235906,100,67,1.0,4,0
285,0.8516088274173118,0.04515657502581653,0.0006204919812290834,100,62,1.0,5,0
286,0.8274185114980251,0.04692847891268693,0.0008941654405094259,100,64,1.0,4,0
287,0.8418905418128763,0.04505119362985479,0.0007474142522560352,100,59,1.0,4,0
288,0.8393698480119223,0.0476176186819907,0.0006679432787155542,100,65,1.0,3,0
289,0.8144438589196656,0.054357488984301906,0.0007033044406812047,100,65,1.0,6,0
290,0.8122533469540837,0.054703280841770036,0.0007243722475711427,100,66,1.0,5,0
291,0.8256323566435241,0.0524536889473289,0.000635505146677893,100,61,1.0,4,0
292,0.839168109008008,0.05186397272679843,0.0004784684061621758,100,67,1.0,4,0
293,0.8409037319621825,0.05243585821766751,0.0004154342809074245,100,67,1.0,3,0
294,0.828379722564765,0.055416597175516835,0.0004629585981517847,100,62,1.0,4,0
295,0.8354419291059878,0.05376431083407652,0.00042201410896431946,100,61,2.0,4,0
296,0.8136452647651591,0.057624297263956535,0.0005345560483298493,100,63,1.0,4,0
297,0.7967670459209688,0.062416478587193625,0.0004774230265556223,100,61,2.0,3,0
298,0.7875439932885979,0.06552494827060557,0.0003594128571305649,100,65,1.0,4,0
299,0.7807442966486202,0.06833400117273167,0.00019515947147235853,100,62,1.0,5,0
300,0.7678837769781041,0.07098253004223092,0.00016295657364849455,100,63,1.0,3,0
301,0.748718056717276,0.07368775284984153,0.00022317417448985426,100,67,1.0,3,0
302,0.7351179976013736,0.07453764700661022,0.0003502251655409833,100,62,1.0,5,0
303,0.7297016088981539,0.07251746270267975,0.00057449136102795,100,67,1.0,4,0
304,0.716024271346342,0.0737920200702164,0.0007100613635646809,100,66,1.0,4,0
305,0.7305798124109353,0.07324126060664857,0.0005045960573860334,100,65,1.0,4,0
306,0.7181371226210647,0.06858159299305933,0.001038918922344084,100,67,1.0,4,0
307,0.7298631011503325,0.06903617942075024,0.0008152629229899581,100,63,1.0,4,0
308,0.7095374238430332,0.07610111877193176,0.0005942616230733736,100,65,1.0,4,0
309,0.6737969698391857,0.0819590185006572,0.0007056699789498211,100,60,1.0,4,0
310,0.671535899752184,0.07657883232121807,0.0012338504655064841,100,66,1.0,3,0
311,0.7146818004097827,0.0634994157425395,0.0015171395010768675,100,62,1.0,5,0
312,0.7346010331036488,0.059039701039978486,0.0015117368733118023,100,66,1.0,4,0
313,0.7161803143790796,0.06251021957299226,0.0015539898458173812,100,62,1.0,5,0
314,0.7228855807481233,0.06323921341749753,0.0014037983266507847,100,56,2.0,5,0
315,0.7297996741709692,0.06654172742566483,0.0010570024510515286,100,64,1.0,4,0
316,0.7110430090904698,0.07090761936956776,0.0010035843811542868,100,61,1.0,5,0
317,0.6834138094321947,0.07772859194458545,0.0009975156147038968,100,65,1.0,4,0
318,0.7180286405901684,0.07022224726028933,0.0010795970429664115,100,69,1.0,4,0
319,0.7162122608348449,0.06651077540568787,0.001377501358810004,100,66,1.0,3,0
320,0.7153574472844165,0.07068312388171477,0.0010655662569075464,100,62,1.0,6,0
321,0.7372287834482539,0.06568199308014856,0.0010845282482925302,100,65,1.0,3,0
322,0.7700500579441822,0.0557850532773485,0.0012551063179225825,100,55,1.0,5,0
323,0.7869081002662577,0.05455248688853091,0.0010594856271637929,100,65,1.0,4,0
324,0.7678439523127946,0.05852280002442426,0.001129500132830748,100,64,1.0,5,0
325,0.8014209437148808,0.05132236884689531,0.0010368361484138161,100,63,1.0,4,0
326,0.8271018498216185,0.049421613637108903,0.000767979809919652,100,66,1.0,4,0
327,0.8209331689219636,0.05202283637769262,0.0007085228607070711,100,66,1.0,3,0
328,0.8243111351149941,0.0519251656392933,0.0006680015369934214,100,59,1.0,5,0
329,0.8404874209857607,0.047567918604301214,0.0007576497886567948,100,58,2.0,4,0
330,0.8882213569389351,0.0389071337694669,0.0005309163796696891,100,66,1.0,3,0
331,0.8863248872720827,0.039598265026600986,0.0005234662101352416,100,62,1.0,5,0
332,0.8604481993734204,0.04302251005453721,0.0007242979101397214,100,65,1.0,5,0
333,0.8429336846979857,0.04453101984347897,0.000980818337831301,100,64,1.0,5,0
334,0.8797059514069665,0.03598035706634744,0.0007983460722857029,100,66,1.0,4,0
335,0.8667672697375766,0.03961611897270956,0.0008176350992409676,100,63,1.0,5,0
336,0.8422611626951134,0.04569548112449268,0.0008734743090803729,100,59,2.0,4,0
337,0.8811012839463602,0.03817212303538466,0.0006209900031286149,100,65,1.0,4,0
338,0.8729431674215395,0.04352902032974795,0.0005093410902451184,100,61,1.0,4,0
339,0.9030837282041478,0.03886852149854024,0.00030951055831285253,100,64,1.0,5,0
340,0.902141891423563,0.03624830211575878,0.00041103121655448253,100,61,1.0,4,0
341,0.9074053572516396,0.03700895806660394,0.0003010061162984132,100,65,1.0,4,0
342,0.8935900559378347,0.03769556354855792,0.0005054091068406853,100,60,1.0,4,0
343,0.9039358935946937,0.04061614304269196,0.00023688897485259626,100,66,1.0,4,0
344,0.9198290013338537,0.03400894775138221,0.00026326676288991596,100,62,1.0,5,0
345,0.9024100442780023,0.03109026131424918,0.0006053458898321055,100,61,1.0,3,0
346,0.9346095607705418,0.025692769136277004,0.00035940253447963035,100,59,2.0,4,0
347,0.9312249404684623,0.024333600004071487,0.00043568378214201963,100,62,1.0,4,0
348,0.9208302672736167,0.02790592196990723,0.0004519047775980315,100,67,1.0,4,0
349,0.9206228536960879,0.02477963117867084,0.0005396626193469101,100,62,1.0,4,0
350,0.9164503880082823,0.021517725339230322,0.0006726865783402433,100,61,1.0,6,0
351,0.914801811254745,0.01810907428630422,0.0007622571012838057,100,63,1.0,3,0
352,0.920999001476045,0.017811912961858824,0.000691692096528914,100,66,1.0,5,0
353,0.9265241466831587,0.019267990776826244,0.0006101973867623901,100,64,1.0,4,0
354,0.9372930445413119,0.008924511011630335,0.0006481778978819856,100,63,1.0,4,0
355,0.9407243125954077,0.012556892190864453,0.0006321900287240133,100,56,2.0,6,0
356,0.9626710474264221,0.009698267562711303,0.00039393724265616276,100,63,1.0,3,0
357,0.9591950463010299,0.008536841983971309,0.000427191270695937,100,60,1.0,4,0
358,0.9514092393998564,0.01042633460650727,0.0005186112586443362,100,67,1.0,3,0
359,0.9450933354721143,0.0156424020601398,0.0005090098997956452,100,64,1.0,3,0
360,0.9416625602312456,0.019846898307999954,0.00046034025632431274,100,65,1.0,5,0
361,0.9438871638411492,0.0222547697732499,0.0003845620110230181,100,63,1.0,4,0
362,0.9532626974567755,0.014899210725285782,0.000400183293165076,100,62,1.0,5,0
363,0.9280670403414484,0.011884575716454812,0.000732289263179642,100,59,1.0,5,0
364,0.9387853632130178,0.018456581393217215,0.0004920909401076076,100,64,1.0,4,0
365,0.9327878600946018,0.020967047215416135,0.0005166447304445596,100,62,1.0,4,0
366,0.9052799523011571,0.013614203788607301,0.000998759602508308,100,60,2.0,4,0
367,0.921813323205454,0.021150182844501583,0.0006239321286824046,100,60,1.5,3,0
368,0.90128539636275,0.021764585208898967,0.0008334657131160309,100,57,2.0,4,0
369,0.874536223088317,0.01634097491909042,0.001271219401075302,100,62,1.0,4,0
370,0.8673805020461611,0.020165713675000686,0.0012962713274900328,100,64,1.0,4,0
371,0.8704606603795271,0.022367839054271744,0.0011667588859328177,100,66,1.0,4,0
372,0.8540512311322291,0.02381662364669069,0.0013379438282159505,100,63,1.0,5,0
373,0.8484321977108015,0.031874748967626654,0.0011795528148674955,100,65,1.0,5,0
374,0.8365347788718551,0.032095590023408685,0.0013400868416119328,100,64,1.0,4,0
375,0.8467998104924702,0.03291065141422076,0.001149934741681508,100,66,1.0,4,0
376,0.8333948785819603,0.04366654061116104,0.0008990486208682364,100,68,1.0,3,0
377,0.8118120629220945,0.04705848340310568,0.0010062093347464256,100,60,1.0,5,0
378,0.8140719216050222,0.048188711860740606,0.0009403565214219695,100,66,1.0,6,0
379,0.8081081058116816,0.052249241347079325,0.0008012946543693936,100,68,1.0,4,0
380,0.7964282916693864,0.05214364546930145,0.0011150638351419594,100,62,1.0,4,0
381,0.7896878554955626,0.050714362164928285,0.0011508389961297195,100,63,1.0,4,0
382,0.8050225738167898,0.041015135167065474,0.0014243539578373701,100,59,2.0,4,0
383,0.820686267671057,0.03964946141340584,0.001272748493864237,100,63,1.0,4,0
384,0.822979738474987,0.03883994495043199,0.0012974013009033267,100,64,1.0,5,0
385,0.8474091774091062,0.02814038563881445,0.0014114113003581173,100,66,1.0,5,0
386,0.8250320383521832,0.03018667219593325,0.0017282502099474602,100,61,2.0,4,0
387,0.8583741473755592,0.01645615859842303,0.0016343847378974187,100,61,1.0,4,0
388,0.8893358901419443,0.015942594760239272,0.0011401859873354631,100,64,1.0,4,0
389,0.86718905459651,0.019168905129454766,0.0013418015353298752,100,67,1.0,4,0
390,0.8988967108035539,0.01582623965515973,0.0010015012511299095,100,64,1.0,4,0
391,0.8865639240722462,0.01855554449241447,0.0010790427685849415,100,60,1.0,5,0
392,0.8817726477913466,0.021015501846208384,0.0010877947515311437,100,67,1.0,3,0
393,0.8603518868713489,0.03631257434042271,0.0009719565788120827,100,61,1.0,6,0
394,0.8713742766114883,0.037818446313422134,0.0007501466521247194,100,62,1.0,4,0
395,0.8680213377183799,0.03970184317341371,0.0006843168159997978,100,62,1.0,4,0
396,0.8831559375637021,0.037214181610339764,0.0005842459648207937,100,65,1.0,4,0
397,0.8943777785978301,0.029619157685061147,0.0007261159920055676,100,66,1.0,6,0
398,0.8940623990323026,0.03030646094482192,0.0007310254221938643,100,62,1.0,4,0
399,0.8836836773049821,0.03643298754541449,0.0006404445336169332,100,59,1.0,5,0
400,0.8839738032799951,0.0349590987041212,0.0006918901283645481,100,61,1.0,4,0
401,0.873467566968682,0.04155325217999741,0.0005586676229704598,100,59,1.0,4,0
402,0.8577203692391662,0.04389782134436346,0.000672998054816129,100,68,1.0,3,0
403,0.8725254750739682,0.0416638371533354,0.0005852315843240976,100,60,1.0,4,0
404,0.8937554399791946,0.03823990887308361,0.0004483432022510413,100,66,1.0,5,0
405,0.8814177171064429,0.03686858782043275,0.0006558875878346106,100,66,1.0,4,0
406,0.8802812959453361,0.03930690292822398,0.000565351684897392,100,65,1.0,4,0
407,0.8668077759888164,0.04612887275110544,0.000398588108788946,100,62,1.0,4,0
408,0.8532894536420484,0.05131446828465319,0.0002934583708841806,100,66,1.0,4,0
409,0.8458287627946796,0.053172013139212555,0.0002942117927084188,100,60,1.0,4,0
410,0.8171962103263772,0.0604480315329406,0.00022758862182524475,100,63,1.0,4,0
411,0.816328098357397,0.060521894411995555,0.0002267299754242583,100,66,1.0,3,0
412,0.8003231571661291,0.06307993318669274,0.000281024222724578,100,66,1.0,5,0
413,0.7937567050438163,0.06342223284062347,0.00044117277120282814,100,62,1.0,4,0
414,0.7984725858030288,0.059341091120076246,0.0005696757526977198,100,64,1.0,4,0
415,0.7993184461447052,0.0556571575449207,0.0007547209688347869,100,63,1.0,5,0
416,0.7918206191457275,0.05361031506445114,0.0009995064116553448,100,67,1.0,5,0
417,0.7983076630324161,0.05246851231061398,0.0010007144690354144,100,68,1.0,3,0
418,0.8213721726688514,0.04645843731586601,0.0009678041137455975,100,70,1.0,3,0
419,0.7916199413256091,0.04942478575573132,0.0012875304182522194,100,59,1.0,4,0
420,0.7920673576599369,0.05299842563555967,0.001097668248367139,100,62,1.0,5,0
421,0.81913857293684,0.04925526902529075,0.0009550681299603155,100,60,1.0,5,0
422,0.7964005806814849,0.05707086450430648,0.0008240133060007092,100,65,1.0,4,0
423,0.7973172656221206,0.05657882502933728,0.0008166706594921341,100,64,1.0,5,0
424,0.8356900272616278,0.047623210598282735,0.0008027041733263551,100,60,1.0,4,0
425,0.85036495603103,0.04596200457243549,0.0006720153267829567,100,62,1.0,4,0
426,0.865181174630932,0.046953435973719725,0.00046284618897362884,100,66,1.0,3,0
427,0.8532508854268797,0.0502236172353251,0.0004627681945678332,100,67,1.0,4,0
428,0.8528895687573292,0.049208431970871935,0.00047852756450792263,100,61,1.0,5,0
429,0.8299814339780025,0.05148374090974829,0.0009705717298042996,100,66,1.0,4,0
430,0.8708377214460954,0.04454736138805657,0.00048560683986113677,100,64,1.0,4,0
431,0.8760285161076857,0.04034128066561165,0.0005763831979897709,100,56,2.0,4,0
432,0.8625664396412435,0.0380499484220628,0.000834638672704417,100,64,1.0,5,0
433,0.8821715358070438,0.038962468764101206,0.0005347914970195248,100,66,1.0,4,0
434,0.8730186501341959,0.03841878521394011,0.0006707011085474021,100,63,1.0,3,0
435,0.8651710568000661,0.04746877988226701,0.00040883449697746933,100,56,1.0,5,0
436,0.8187430181654328,0.05374537100732955,0.0007443984795545912,100,68,1.0,4,0
437,0.8674182349064655,0.047381592248924576,0.0003726896570346176,100,63,1.0,4,0
438,0.8710444283833009,0.04476630425420425,0.0004717553862760282,100,65,1.0,4,0
439,0.8864487784880078,0.038074661012535864,0.0005129492682165369,100,66,1.0,4,0
440,0.8953949027302948,0.04035370502872362,0.0003249919028982093,100,63,1.0,3,0
441,0.8984130401791909,0.037259646085719335,0.0003979578702600854,100,63,1.0,5,0
442,0.8905019781174738,0.04258550815248022,0.0002868880261489269,100,66,1.0,4,0
443,0.9000573520799721,0.03862771095962412,0.00033817334437867417,100,63,1.0,4,0
444,0.904746990541721,0.03576721742170776,0.00039461658644815293,100,61,1.0,4,0
445,0.8988559569642689,0.03597977391035694,0.0004509447663046625,100,67,1.0,3,0
446,0.8917606695416161,0.033981237823990665,0.0005922086836148344,100,59,1.0,4,0
447,0.8974988845021492,0.033528465704948315,0.0005498126546082984,100,69,1.0,3,0
448,0.9109161592798398,0.03528585100057102,0.00032795133518421376,100,61,1.0,4,0
449,0.9031584238177327,0.0330903110996926,0.0004988641159036506,100,65,1.0,4,0
450,0.9068198942852312,0.03211186666066529,0.0005149176173210792,100,62,1.0,4,0
451,0.8938317377848974,0.032113284646476455,0.0006826943491672355,100,61,1.0,4,0
452,0.9183481578128305,0.02439825368924378,0.0006156913203656698,100,61,1.0,5,0
453,0.9236151639107285,0.017149261125265113,0.0006917216532477385,100,64,1.0,4,0
454,0.9233992260958385,0.017350899787950597,0.0006954430535443582,100,60,1.0,3,0
455,0.9366798209200097,0.015945576521647388,0.0005570710973059519,100,65,1.0,4,0
456,0.9238671284060854,0.01810507606578702,0.000685548524717982,100,65,1.0,4,0
457,0.9401044821579467,0.01569215906226644,0.0005141521210952868,100,68,1.0,3,0
458,0.9297612890522502,0.01941785373828294,0.0005861781191952305,100,65,1.0,5,0
459,0.9433391981641934,0.011739769807622483,0.0005358597833494252,100,63,1.0,5,0
460,0.9402392820183694,0.009523707059232884,0.000593548788255545,100,68,1.0,3,0
461,0.9340574555441659,0.0004993584826387747,0.0006949317686702229,100,64,1.0,5,0
462,0.9159005929785008,0.0020177003036188565,0.000997167738774577,100,63,1.0,5,0
463,0.9363643731096678,0.003925463209404649,0.0006704323769067979,100,68,1.0,4,0
464,0.9235791818981715,0.006246709861925485,0.0008016915088143706,100,61,1.0,4,0
465,0.9185397835423673,0.008436090131741531,0.0008384785010754807,100,62,1.0,4,0
466,0.8950162189728814,0.010257653615174358,0.0010875111964079734,100,66,1.0,4,0
467,0.8897671767364994,0.013359797464397177,0.0011365979146619272,100,69,1.0,3,0
468,0.8945746496018954,0.013465691962145152,0.001077721204393687,100,70,1.0,4,0
469,0.923188882265253,0.008501237187969309,0.0007939191523142839,100,65,1.0,4,0
470,0.9485616251558733,0.008878690243183003,0.000507010332406825,100,56,2.0,5,0
471,0.9369553363482058,0.00982345142546705,0.0006326564160141668,100,61,1.0,7,0
472,0.91850223185996,0.018006249955098703,0.0007325667760283677,100,66,1.0,4,0
473,0.9011473872005858,0.024456764314487737,0.0008143492939115989,100,67,1.0,4,0
474,0.8798424965606908,0.03265686829910847,0.0008579067897223271,100,63,1.0,4,0
475,0.8851997123206473,0.028124427995371966,0.0009535132574221059,100,63,1.0,4,0
476,0.8733529816402398,0.030952449964610475,0.0009879810443105877,100,66,1.0,4,0
477,0.8620373843122315,0.0407621137303811,0.0008002502485198921,100,66,1.0,5,0
478,0.9002867055669468,0.02918548859947429,0.0007084524264906905,100,65,1.0,4,0
479,0.8952268107612075,0.03136080195197978,0.0006893046329121196,100,67,1.0,4,0
480,0.9200409453396126,0.028542920186683644,0.00045734731925571213,100,64,1.0,5,0
481,0.9087138912787023,0.03192837601792566,0.0004931764543681895,100,59,2.0,3,0
482,0.9045154406801992,0.03214923501239549,0.0005257744656285752,100,63,1.0,4,0
483,0.9019016948922388,0.034795636486402166,0.0004846633319480579,100,59,1.0,5,0
484,0.8700537412462368,0.0381837435474674,0.0007424806720311747,100,62,1.0,4,0
485,0.8703274258508911,0.044564633905611405,0.00043252604120274014,100,66,1.0,4,0
486,0.8339606065065702,0.051558042478636996,0.0005992405402465716,100,67,1.0,4,0
487,0.8189383166118946,0.054246841869501496,0.0006150686354190916,100,62,1.0,4,0
488,0.8028728976749382,0.05763721757323595,0.0006160219572130819,100,61,1.0,4,0
489,0.815708614502421,0.0582714362242943,0.00039550318896939185,100,65,1.0,4,0
490,0.797859127056342,0.0606011086847625,0.00045992419983859956,100,60,1.0,3,0
491,0.7846499802091508,0.06346386570927433,0.00044856410766389785,100,63,1.0,4,0
492,0.773194071658795,0.06572621953481998,0.00045310231751111987,100,64,1.0,4,0
493,0.7758408158173298,0.06197702411922304,0.0006708398971778457,100,71,1.0,3,0
494,0.7733017655919651,0.05876771920612455,0.0008949696682086887,100,64,1.0,4,0
495,0.7739988589051364,0.05961558410985406,0.0008457799321718472,100,67,1.0,5,0
496,0.7679008363412417,0.059783692346509515,0.0009214514034137499,100,64,1.0,4,0
497,0.7391787096020169,0.06137772432632779,0.0013068128744660823,100,67,1.0,4,0
498,0.7211073047965851,0.07003488878132817,0.0011137209707467327,100,66,1.0,4,0
499,0.7533411120199389,0.06405659667907271,0.000978340249398578,100,66,1.0,4,0
500,0.7557290061692747,0.06751148534312797,0.0005863968492309923,100,64,1.0,4,0
501,0.7525153032573768,0.06689000731433681,0.0006894373117991476,100,65,1.0,4,0
502,0.7396720553952341,0.06729001132164487,0.0008528215192009567,100,63,1.0,3,0
503,0.7332918116757986,0.06773395643353511,0.0009538742445926753,100,62,1.0,4,0
504,0.7654901585787907,0.06122555079529119,0.0009292315820570771,100,68,1.0,4,0
505,0.7472654022228075,0.06695409788235994,0.0008302378312982747,100,62,1.0,4,0
506,0.744053180669809,0.0689794627745191,0.000731865552733142,100,63,1.0,4,0
507,0.7510741038203207,0.07016772937100857,0.0005452890582621045,100,64,1.0,3,0
508,0.7046376184490352,0.07711184989739586,0.0007620011616934039,100,63,1.0,4,0
509,0.742112739387191,0.07325160017100499,0.00045740206830322303,100,70,1.0,4,0
510,0.7101605045842164,0.0787028251073237,0.000503280500025305,100,65,1.0,4,0
511,0.7123508943029645,0.07594130986074427,0.0006730179705330718,100,62,1.0,4,0
512,0.7038070634219186,0.07892000419320899,0.0006161990984728941,100,60,1.0,4,0
513,0.6985038143633951,0.08134067593829947,0.0004540177095360249,100,64,1.0,4,0
514,0.7015680970044329,0.08130305598355964,0.0005115492642989762,100,63,1.0,4,0
515,0.7084079358400314,0.07954392475015963,0.0003982351969154876,100,63,1.0,4,0
516,0.7072286947953149,0.08074540929274962,0.00028672810433404237,100,64,1.0,5,0
517,0.6979719712952521,0.08094227446782615,0.0004050802544042774,100,62,1.0,4,0
518,0.6740739187209859,0.08433737646733644,0.00044358261070826584,100,58,1.0,5,0
519,0.6737731382717572,0.08292682255147056,0.0005765365443582287,100,65,1.0,4,0
520,0.6720677953246134,0.08360636890338138,0.0005388083194425128,100,64,1.0,4,0
521,0.6703305014655832,0.08103762722349084,0.0008210396509601262,100,58,1.0,5,0
522,0.669000936314152,0.0813999932201871,0.0008765480009531371,100,58,1.0,5,0
523,0.6452857007439333,0.0837000962615091,0.0010616890546603125,100,64,1.0,6,0
524,0.6789938010342759,0.07724963645450901,0.0011373306987558726,100,67,1.0,5,0
525,0.6964404870398121,0.06124881893787509,0.0019361130969353696,100,65,1.0,4,0
526,0.7204225475261566,0.05563507427150832,0.0018686685960155034,100,65,1.0,5,0
527,0.7374327813913116,0.055786316976407076,0.0016042374840853388,100,66,1.0,4,0
528,0.7204808190728099,0.05623742367071817,0.0018006400869737375,100,65,1.0,4,0
529,0.7184707685082731,0.06557707906553142,0.0013349499490024888,100,65,1.0,4,0
530,0.69611469904172,0.06629253971842045,0.001580948766557424,100,65,1.0,3,0
531,0.6957439698131107,0.06861196013950945,0.0015348239629598983,100,62,1.0,5,0
532,0.7322640729913265,0.06000706748546702,0.001549371032500219,100,68,1.0,4,0
533,0.7786805575394204,0.05395398271719392,0.0012994792737497964,100,66,1.0,4,0
534,0.8580364987241234,0.036634907873835346,0.001054461470229768,100,59,1.0,5,0
535,0.8886418976250252,0.030597677114048132,0.0008335250876231747,100,59,1.0,4,0
536,0.8932920581589482,0.03013576339424193,0.0008526279812412447,100,67,1.0,4,0
537,0.9219403253868808,0.029297046343459483,0.0004400152653909265,100,65,1.0,4,0
538,0.9255861287790172,0.030365980583789285,0.000341005276933102,100,65,1.0,4,0
539,0.9291722114836639,0.030937624660722102,0.00027968683404387066,100,57,2.0,4,0
540,0.9126827162423772,0.03406888749258287,0.0003676603803051178,100,61,1.0,5,0
541,0.9117836875814451,0.0353410307674378,0.0003194711966169233,100,61,1.0,4,0
542,0.9036630474013161,0.0367346227743757,0.00036136052087104413,100,63,1.0,3,0
543,0.9039791613526398,0.039890827029943225,0.0002300960980864085,100,64,1.0,4,0
544,0.8947275850382205,0.04226003738335955,0.00025014627207574185,100,64,1.0,4,0
545,0.8742393618994346,0.04633196446992101,0.00035233663740479363,100,60,1.0,4,0
546,0.8705035107967837,0.047695798101951674,0.0002968308434027394,100,59,2.0,4,0
547,0.8871025283140872,0.04521945680272804,0.00019687458701993043,100,70,1.0,4,0
548,0.8737731502959601,0.047073420295609215,0.000279752737763514,100,66,1.0,4,0
549,0.867505235507724,0.04671204629877408,0.0003717604445831527,100,68,1.0,3,0
550,0.8683293899519983,0.046938114813343534,0.0003401355053735739,100,67,1.0,3,0
551,0.8606734214440637,0.046719315212967766,0.0004392917341583494,100,64,1.0,5,0
552,0.8437755980844954,0.04707017364862015,0.0006924704898096901,100,66,1.0,4,0
553,0.8320973058294079,0.05018892065212128,0.000714828167310139,100,61,1.0,4,0
554,0.8497009787203718,0.04787097709718874,0.0005755245689833109,100,60,1.0,5,0
555,0.8614628044877464,0.046898296851595564,0.0004285919428335635,100,62,1.0,4,0
556,0.8670039103427153,0.04674434060823865,0.00036642195089274033,100,60,1.0,4,0
557,0.8718772274442383,0.040335023260970514,0.0005867213011456282,100,62,1.0,4,0
558,0.8825026607298853,0.037929079999470185,0.0005538543529676656,100,67,1.0,5,0
559,0.8952280300501745,0.03572631915252086,0.0004783267168396642,100,65,1.0,3,0
560,0.8939173905635637,0.03545423394491289,0.0005003783719918606,100,62,1.0,4,0
561,0.90176155508416,0.03496923929212462,0.00042469869985195817,100,60,1.0,5,0
562,0.8976129826218039,0.03582508923597623,0.00046365744186645805,100,65,1.0,5,0
563,0.8822595284043114,0.04007739778853607,0.0005621530951582501,100,66,1.0,4,0
564,0.8876243290463341,0.03549172479934909,0.0006943840713959416,100,67,1.0,4,0
565,0.9126780070632288,0.03146079201978322,0.0004317945119524518,100,62,1.0,3,0
566,0.9263190804159627,0.028945470947026368,0.00035791503835877947,100,66,1.0,4,0
567,0.9215863437247515,0.02932310301678719,0.00042292517862348373,100,61,1.0,6,0
568,0.9513919593669558,0.02373975260220681,0.0002240561638053078,100,62,1.0,4,0
569,0.9570897503189154,0.019144169276514772,0.0002650900840924052,100,62,1.0,3,0
570,0.9658649854507212,0.019950339738289042,0.00015423322479217206,100,63,1.0,5,0
571,0.9719159129615932,0.01671266063041981,0.00014888385944608477,100,61,1.0,5,0
572,0.9653205043148454,0.015767794962794037,0.00024844706119765377,100,66,1.0,4,0
573,0.952862001674084,0.012906782495418729,0.0004320888044531886,100,63,2.0,3,0
574,0.9585960691006263,0.009079950662624165,0.0004139741152450943,100,61,1.0,5,0
575,0.9334127475554933,0.00830237313830123,0.0007106004340293932,100,61,1.0,4,0
576,0.9235655512336962,0.010683179518928335,0.000798825909178276,100,67,1.0,4,0
577,0.912702456907054,0.01180307877327821,0.0008869668349411287,100,62,1.0,4,0
578,0.9123682140553682,0.019712201245449795,0.0007662154859449966,100,59,2.0,5,0
579,0.9175391358313882,0.01887057255871487,0.0007249926850740936,100,64,1.0,4,0
580,0.9327911656605586,0.0194808347761135,0.0005391976140191493,100,66,1.0,4,0
581,0.9231150789475706,0.02153318976233736,0.000598192420769452,100,61,1.0,4,0
582,0.9318566659275526,0.02274136539704952,0.00047329821813962445,100,61,1.0,5,0
583,0.9329974687781312,0.020333424461757874,0.0005245248565946973,100,59,1.0,4,0
584,0.9405892597127345,0.02521346188983519,0.00031264353926637405,100,65,1.0,5,0
585,0.9325417205157241,0.02345244750453994,0.00044535831408928374,100,63,1.0,4,0
586,0.9198101627186475,0.029875320897833398,0.0004326539200168756,100,63,1.0,4,0
587,0.9155166479835622,0.03238096561167347,0.00038022198812553303,100,58,1.5,5,0
588,0.916489649969165,0.039179831999290156,0.00011063432592832027,100,61,1.0,4,0
589,0.8842683990418982,0.04562470576709341,0.0002528435929867606,100,56,1.0,5,0
590,0.8578285619282054,0.04957114815784648,0.0004349924748120465,100,65,1.0,4,0
591,0.8791031144622888,0.04837720388493222,0.0001234934566760801,100,63,1.0,3,0
592,0.8633700117567367,0.05135416390646302,0.00016547922997338903,100,65,1.0,4,0
593,0.8570892584292217,0.0514499151522663,0.0002322009442647782,100,62,1.0,4,0
594,0.8528972064941133,0.04994158244097536,0.0003840859250873971,100,66,1.0,3,0
595,0.8260110303558541,0.05429792209903729,0.0005199702994839823,100,64,1.0,4,0
596,0.7959521168541883,0.06127277134396907,0.0005063382274911171,100,67,1.0,5,0
597,0.7798811374793945,0.06326855214735225,0.0005431814243430765,100,65,1.0,4,0
598,0.7703193089525873,0.06579425191180079,0.0004986616464479988,100,63,1.0,4,0
599,0.7634447989438894,0.069317838963951,0.00041812246162267985,100,68,1.0,5,0
600,0.7350095714418964,0.07449796033087795,0.00036554253422886715,100,64,1.0,6,0
601,0.7202414077297703,0.07722206977012153,0.00036930603459238627,100,60,1.0,8,0
602,0.709290021068168,0.07895175431387298,0.00038568118628238727,100,62,1.0,5,0
603,0.6741724069003605,0.0853947651375531,0.00036190909580944647,100,57,2.0,4,0
604,0.6883507099421448,0.08171741523682935,0.0004899231576165388,100,61,1.0,4,0
605,0.6963766769779235,0.07985327384579392,0.0005318467404359118,100,63,1.0,3,0
606,0.7045546890513057,0.07825206042825068,0.0005471505584576734,100,62,1.0,4,0
607,0.689902316020137,0.0804864917443127,0.0005853964097131944,100,67,1.0,3,0
608,0.692329461540629,0.08125515299247749,0.00048532633648528474,100,65,1.0,4,0
609,0.6713303345803113,0.08482955885100986,0.0005229559228171822,100,65,1.0,5,0
610,0.6576296355026172,0.08673188234292167,0.0006099445830133406,100,65,1.0,4,0
611,0.6423762928377821,0.09092970980005236,0.0005234203232261043,100,70,1.0,4,0
612,0.6624590993126064,0.0880806281203402,0.0004679734947879443,100,65,1.0,4,0
613,0.6585259676400228,0.08918644190471443,0.00036921542169705525,100,67,1.0,4,0
614,0.6658979506159262,0.08720599521391464,0.0005063425426594493,100,61,1.0,4,0
615,0.6818517576813538,0.08480541311598125,0.00040080346184047974,100,66,1.0,5,0
616,0.6503643760647079,0.09066675117704143,0.0004277919885923937,100,65,1.0,5,0
617,0.6772137554773886,0.08284645209770707,0.0007753448792776692,100,62,1.0,4,0
618,0.7119842539489268,0.07263472949052009,0.0010113868098987103,100,68,1.0,5,0
619,0.7232802177540917,0.06971594154451351,0.0011213210162383115,100,63,1.0,3,0
620,0.7533140698545728,0.06478368277686396,0.0010741814667253927,100,61,1.0,4,0
621,0.7788325940500421,0.061329127595456154,0.0008566278992617019,100,63,1.0,4,0
622,0.7973463857100846,0.05551493087823595,0.000918174567694084,100,61,1.0,3,0
623,0.7936591430111705,0.059697318023266166,0.0007046200003105213,100,61,1.0,5,0
624,0.7727253082149546,0.060167967735743996,0.0010111982114380015,100,69,1.0,3,0
625,0.7884051890446494,0.056294641581201336,0.0010081520153202728,100,63,1.0,3,0
626,0.792887209418214,0.054463844046564874,0.0009988423967741968,100,66,1.0,4,0
627,0.7968971276282586,0.05566591175368801,0.00082833648087363,100,63,1.0,4,0
628,0.7746570258485125,0.054802605243223196,0.0012047383568492675,100,64,1.0,5,0
629,0.783893252208175,0.053421297174907824,0.0011370008754655603,100,65,1.0,5,0
630,0.771071629275641,0.05359829490236705,0.0013559132068528847,100,64,1.0,4,0
631,0.7861361162192745,0.05347235234602072,0.0011061231228676675,100,62,1.0,4,0
632,0.8173573654739201,0.05232447583079538,0.0007491574016326285,100,65,1.0,5,0
633,0.8108610536816175,0.051734033763906596,0.0008570013420045635,100,67,1.0,3,0
634,0.8475655250510131,0.04747341870599523,0.0006037340165506538,100,65,1.0,4,0
635,0.847095282652388,0.0463651553209702,0.0006432796171969911,100,61,1.0,4,0
636,0.8579979243846989,0.04313000270717663,0.0006511431209605875,100,67,1.0,6,0
637,0.8643041755201014,0.0401041790805211,0.0006895975191649852,100,60,2.0,3,0
638,0.8385243152729914,0.04395370354379336,0.0008759795940441146,100,62,1.0,5,0
639,0.8351642637631004,0.04336196181095693,0.0009613335553532766,100,62,1.0,4,0
640,0.8553155173637669,0.0387924690554443,0.0008527145485229622,100,59,1.0,5,0
641,0.8792402434823814,0.03403167557046295,0.0007443949110703068,100,61,1.0,4,0
642,0.8870613091186366,0.030223041157761227,0.0007687274097671066,100,64,1.0,4,0
643,0.8848945780814634,0.03365952486275073,0.000749083029200777,100,68,1.0,4,0
644,0.8967042471391564,0.036388767354975836,0.0004405832823246893,100,64,1.0,5,0
645,0.8834597301507994,0.036022671102785425,0.0006419022809880873,100,63,1.0,6,0
646,0.8856183225901273,0.03440921704800472,0.0006610089172361661,100,67,1.0,5,0
647,0.8854798444497467,0.0321848877435643,0.0007518935375694307,100,63,1.0,4,0
648,0.8893335415581589,0.029067289476008937,0.0008223653804111935,100,64,1.0,4,0
649,0.8934501543861173,0.03177437379873083,0.0006538145873653851,100,62,1.0,3,0
650,0.8984715915564141,0.028597071011614177,0.0006976656631830215,100,69,1.0,4,0
651,0.8853896436349092,0.03331259189559989,0.0007413215797024092,100,60,1.5,4,0
652,0.8746721511582102,0.03871130298530305,0.000701824148679935,100,63,1.0,4,0
653,0.8935432265525464,0.03509255301847089,0.0005940548820392303,100,64,1.0,4,0
654,0.8916974287139966,0.03719444578346752,0.0005283204748243813,100,64,1.0,5,0
655,0.8942490075741886,0.03133626327512798,0.0006908277745966333,100,59,1.0,4,0
656,0.907720212460697,0.027730897772451024,0.0006417558341092517,100,68,1.0,3,0
657,0.900405305976024,0.025151711218337584,0.0008002638560735843,100,67,1.0,4,0
658,0.9063706386968299,0.022543223763152775,0.0007951104763400583,100,59,2.0,5,0
659,0.9124122390940521,0.013562185045545006,0.0009054917165294226,100,67,1.0,4,0
660,0.9106855293015296,0.009694246244706014,0.0009524312619010185,100,64,1.0,5,0
661,0.9193053081986783,0.018095288374660484,0.0007197520686625326,100,64,1.0,4,0
662,0.9343449965718638,0.01223493396858677,0.0006391084395873234,100,63,1.0,4,0
663,0.9324121413109056,0.00995125178827152,0.0006865893119048349,100,70,1.0,4,0
664,0.921067257319729,0.009239104245978123,0.0009329409242780065,100,64,1.0,4,0
665,0.9113714271405715,0.012458947227219146,0.0011919149988700768,100,63,1.0,4,0
666,0.9396776804939035,0.00962801364751758,0.0006124821435492701,100,63,1.0,4,0
667,0.9338798633811503,0.009344041065975783,0.0006703288180438846,100,61,1.0,5,0
668,0.9307300932309888,0.011135376675116498,0.0007042946291670632,100,63,1.0,4,0
669,0.9327501080356505,0.00560284683609728,0.0007315440825768319,100,61,1.0,5,0
670,0.9328245090826237,0.010554488378322948,0.0006900209511448944,100,62,1.0,4,0
671,0.9397529226568665,0.014297335441713176,0.0005436168084163247,100,65,1.0,4,0
672,0.9379972249442693,0.018585066431321007,0.0004848712368966641,100,58,1.5,4,0
673,0.9343986611553564,0.01921588357954246,0.0005239405467072957,100,64,1.0,4,0
674,0.9269780770129168,0.020605852126745833,0.0005829602796099273,100,65,1.0,6,0
675,0.9362385541036494,0.019498900262108553,0.0004972591012818539,100,65,1.0,5,0
676,0.9245997710124831,0.022762652761605984,0.0005696898937312225,100,63,1.0,6,0
677,0.9295476389308844,0.026378930951683702,0.0004206700993846273,100,62,1.0,4,0
678,0.9149221166756425,0.025019262474335502,0.000627392963550398,100,62,1.0,4,0
679,0.9138076295298476,0.028055489787475033,0.0005477879697778159,100,65,1.0,5,0
680,0.8841153800808489,0.03631706130455076,0.0006487966593332496,100,61,1.0,4,0
681,0.870915374814957,0.03915140984827959,0.0007300221099151378,100,61,1.0,4,0
682,0.8510634626083617,0.04430386701430956,0.0007880624517736724,100,63,1.0,3,0
683,0.8501214681917282,0.03976362726040047,0.0010098998174321487,100,65,1.0,5,0
684,0.8635025899032392,0.03897105079998303,0.000821645272752494,100,63,1.0,5,0
685,0.8351395063528504,0.04406849015576636,0.0010733821734624392,100,65,1.0,5,0
686,0.8516896565689336,0.04070805317325107,0.0009313606107453438,100,68,1.0,3,0
687,0.8500105757287504,0.04131772527466129,0.000878553947007498,100,63,1.0,4,0
688,0.8400729599161675,0.040037047383939095,0.0010498413985832893,100,61,1.0,4,0
689,0.8502116139514204,0.04012333953192293,0.0009129956697953882,100,60,1.0,5,0
690,0.8378815288532399,0.043875116538728824,0.000973283124981893,100,63,1.0,4,0
691,0.8532973581823883,0.040792513039990846,0.0008206245194699096,100,66,1.0,4,0
692,0.8588713674206818,0.0389206743008234,0.000811308129424029,100,64,1.0,3,0
693,0.8541242294337921,0.039067400783147646,0.0008531359289647361,100,60,1.0,4,0
694,0.8387195509757427,0.04434083726728977,0.0008261073275981166,100,61,1.0,4,0
695,0.8602329620157678,0.03752988647988004,0.0008728817868042813,100,64,1.0,4,0
696,0.8523170612056057,0.040001700118721825,0.0009632229009550432,100,65,1.0,4,0
697,0.8647058760602734,0.038792452442148954,0.0008804810877507434,100,63,1.0,5,0
698,0.8923274032812708,0.03374157617807766,0.000721105057423637,100,64,1.0,3,0
699,0.9170793677012437,0.029417244748697426,0.0005902237932101979,100,62,1.0,4,0
700,0.9239112387014871,0.030218112263895366,0.00038780183035570586,100,61,1.0,4,0
701,0.9297250471112464,0.033349033612733246,0.00020400601745360202,100,65,1.0,3,0
702,0.9101966197943058,0.03674323366607743,0.0002905741194862392,100,56,1.0,5,0
703,0.8929722639454161,0.04136357297014109,0.0003214065430296734,100,66,1.0,4,0
704,0.8635649153275612,0.04708383535779024,0.00042757190471247824,100,61,1.0,5,0
705,0.8818742509989118,0.04154580782054452,0.0004215933343185212,100,60,1.0,5,0
706,0.8614993627334782,0.04797565708690334,0.0003671699922270044,100,62,1.0,4,0
707,0.8371312665883631,0.051538541515138175,0.0004972492968923126,100,65,1.0,5,0
708,0.8326495282945193,0.05262160766528399,0.0004858109084727052,100,59,2.0,4,0
709,0.8346931320019684,0.05380916428746954,0.0003861759143674525,100,57,1.0,4,0
710,0.8158086262207326,0.05416960337474862,0.0006104999625078818,100,61,1.0,4,0
711,0.7901872242587334,0.05847401890680836,0.0007037277414889121,100,59,1.0,3,0
712,0.781839244726687,0.060666652425637346,0.0006767339300693539,100,62,1.0,6,0
713,0.7819497358540721,0.06071505933751396,0.0006869843206505115,100,62,1.0,4,0
714,0.7858921484146751,0.05143483308927637,0.0011542996550616745,100,63,1.0,5,0
715,0.7752461851341147,0.05409363458465454,0.0011435624227385047,100,67,1.0,4,0
716,0.7751919412749987,0.05397839591320087,0.0011739155209194243,100,63,1.0,4,0
717,0.797034353336179,0.053025422480300594,0.0009456121226488212,100,59,1.0,4,0
718,0.803003676886314,0.05304028753684653,0.0008514351857760955,100,65,1.0,3,0
719,0.7997639537755264,0.05735492888979288,0.0006270066243780687,100,59,1.0,5,0
720,0.7900350893355094,0.062110837704845295,0.0005092262012943911,100,64,1.0,4,0
721,0.7520780875806732,0.0686816145924882,0.0005735869769667335,100,65,1.0,5,0
722,0.7448034828902809,0.06960295271768005,0.0005899992838442731,100,63,1.0,4,0
723,0.7546843093897176,0.06376175709021907,0.0008816572674882719,100,62,1.0,5,0
724,0.7573457070861431,0.05974720358202035,0.0011513809696963992,100,64,1.0,4,0
725,0.7388229585659561,0.06090735740061571,0.0014282088639553476,100,64,1.0,4,0
726,0.7373149200006658,0.06634760390643717,0.0010687654265082096,100,61,2.0,4,0
727,0.7295860488326812,0.06760614388566172,0.0011281406140935604,100,65,1.0,3,0
728,0.7298669777957915,0.07024197017179847,0.0008773038609457887,100,63,1.0,4,0
729,0.8000784237704606,0.05375027653014344,0.0009972842121775325,100,62,1.0,3,0
730,0.8559469634578227,0.042897411450769474,0.0008083527175800537,100,62,1.5,3,0
731,0.8723102659416064,0.03674918642833618,0.0008297537677275047,100,64,1.0,3,0
732,0.8825891113455558,0.03581586270559708,0.0007935765919127086,100,61,1.0,4,0
733,0.9063182118326342,0.030461714540242463,0.0005691061353091234,100,59,1.0,5,0
734,0.8691090727344889,0.037209800192866946,0.0008002848245450058,100,66,1.0,5,0
735,0.872438533375171,0.03227901085678688,0.0009921674686828356,100,62,1.0,5,0
736,0.8957312855766526,0.02630806364803536,0.0008549756246828786,100,65,1.0,4,0
737,0.9129632049280338,0.02174318664798595,0.0007339542922454261,100,66,1.0,5,0
738,0.9222598405831528,0.01858255356769443,0.0006690473240594003,100,63,1.0,4,0
739,0.9173757232257687,0.016234483879502718,0.0007807380420212708,100,65,1.0,4,0
740,0.9160406457216886,0.009093733203303173,0.0008833117273028611,100,64,1.0,4,0
741,0.9278576833393042,0.011098097442208271,0.0007265137812143409,100,67,1.0,5,0
742,0.9284871921257439,0.008237791556047225,0.0007522686687900358,100,63,1.0,4,0
743,0.933257831720374,0.013155071278261411,0.0006454384434239521,100,65,1.0,4,0
744,0.9324988726594676,0.010629331812043058,0.0006754008601654276,100,66,1.0,4,0
745,0.9193402849232283,0.01047141539809119,0.0008342629107452358,100,60,1.0,4,0
746,0.9130166796646887,0.012997689417364715,0.0008709058329642758,100,63,1.0,4,0
747,0.920835088112615,0.011021441070587897,0.000797957665699888,100,59,1.0,5,0
748,0.9084290266005063,0.009768435481861827,0.0009629347901010984,100,62,1.5,3,0
749,0.8877646786123918,0.014024499931751465,0.0014026869397697293,100,64,1.0,4,0
750,0.9051930926188817,0.002995405371126953,0.0010631497323890658,100,66,1.0,4,0
751,0.9251446486672091,0.006248204776269861,0.0007946507529793124,100,63,1.0,5,0
752,0.9284380541819525,0.008863147772874875,0.0007440808765415099,100,65,1.0,5,0
753,0.9055204462571612,0.0037945196192660114,0.0011592675200549616,100,61,1.0,4,0
754,0.861435417871525,0.0021413533575671906,0.0018061740536406301,100,66,1.0,4,0
755,0.8729239842585504,0.008303502961862202,0.0015870360249733064,100,61,1.0,5,0
756,0.897330069456958,0.0049486878953518085,0.0011214750165533275,100,62,1.0,5,0
757,0.9026663420666862,0.008380723473505646,0.0010195826234463273,100,66,1.0,4,0
758,0.9127671754644368,0.01170841429142608,0.0008701885246367664,100,66,1.0,5,0
759,0.9185336119872305,0.012886935064707136,0.0007934044075678758,100,66,1.0,4,0
760,0.9302848431823346,0.01215248258006836,0.0006667898745646573,100,61,1.0,5,0
761,0.9307413911999961,0.01467042903782916,0.0006247304710640232,100,65,1.0,4,0
762,0.9204110189739158,0.01906707856313423,0.0006626702810188441,100,64,1.0,4,0
763,0.928253552830316,0.013269439441521766,0.0006955382304450097,100,64,1.0,3,0
764,0.9263663357858303,0.019704988825303655,0.0006222135410875679,100,64,1.0,5,0
765,0.9157163175090003,0.0148383935006793,0.0008831243272690663,100,58,1.0,4,0
766,0.9392326641804766,0.0045637166771797235,0.0006596948091484341,100,61,1.0,4,0
767,0.8969979459656531,0.003743321477569193,0.0011885604356401318,100,62,1.0,4,0
768,0.9154621321787197,0.005993922697748303,0.0009392942487911645,100,62,1.0,6,0
769,0.9275417795803956,0.0076213788047592105,0.0007711925077265871,100,64,1.0,4,0
770,0.9449336810469999,0.012765051573163495,0.0005119341682633272,100,62,1.0,4,0
771,0.9427115891211192,0.011155532499607625,0.000555544153415798,100,61,1.0,5,0
772,0.9457850274416961,0.014186206351979553,0.0004762252449956854,100,70,1.0,5,0
773,0.9458227782670195,0.016766043271207495,0.0004315087644682808,100,64,1.0,4,0
774,0.9400339308389571,0.019144073430179924,0.0004541342900483686,100,63,1.0,4,0
775,0.9314573612838918,0.02300768723070023,0.0004786283198452188,100,68,1.0,3,0
776,0.9244673700700338,0.02447284952861359,0.0005237901317397347,100,62,1.0,3,0
777,0.904256226133208,0.02887416427569656,0.0006252635080304381,100,62,1.0,5,0
778,0.9134495436174375,0.02975953262150304,0.0004777606769029871,100,61,1.0,5,0
779,0.9067408469943975,0.029190753807100282,0.0005715513681807911,100,67,1.0,4,0
780,0.8964116797653677,0.030069024846846693,0.0006931673915355978,100,64,1.0,4,0
781,0.8772427271073387,0.03518361307053967,0.0007816100151156166,100,60,1.0,4,0
782,0.8828168493709388,0.03157706374181949,0.0007781579726474344,100,65,1.0,4,0
783,0.8664379614957389,0.03665902060358873,0.0008888691765039146,100,64,1.0,4,0
784,0.8504682002664861,0.04100793947223149,0.000898462597950205,100,58,1.5,5,0
785,0.8470229884130026,0.04387382329235084,0.0008259996494612242,100,65,1.0,3,0
786,0.8415158854935265,0.04135959153339502,0.0010237228013925057,100,67,1.0,5,0
787,0.8392378118100835,0.039466364974146836,0.0011087021826344042,100,63,1.0,4,0
788,0.8307236448273575,0.045693485542766685,0.000930807040910099,100,64,1.0,4,0
789,0.8226192872298626,0.05040808426883022,0.0007841486348864797,100,60,1.0,4,0
790,0.834645416151784,0.044587135983476744,0.0009461335547214099,100,66,1.0,3,0
791,0.834248541062004,0.04820770355491931,0.0007234294628640468,100,65,1.0,4,0
792,0.8470819138958019,0.047673008159268886,0.0005571123142402117,100,62,1.5,4,0
793,0.8426175357924148,0.05045817407088289,0.0004784318646528467,100,63,1.0,5,0
794,0.8275550537888248,0.052656436085306624,0.0005690742398779461,100,59,2.0,5,0
795,0.8203752228120811,0.05479235089827122,0.0005080411046350805,100,62,1.0,4,0
796,0.8138156741518107,0.0579309615546292,0.00041077014152442805,100,60,1.0,4,0
797,0.7894931118879411,0.0631852810545404,0.00040490651225577894,100,66,1.0,6,0
798,0.7840156910537971,0.06352104197524838,0.0005218572881902357,100,65,1.0,6,0
799,0.7723211480751654,0.0656916681013271,0.0005236752025880114,100,65,1.0,4,0
800,0.7564235869422913,0.07043278158489677,0.0003973064721006507,100,62,1.0,4,0
801,0.7467169457917525,0.07383790765756827,0.00028106038533174126,100,65,1.0,4,0
802,0.7358312411679212,0.07651991653812691,0.00021794837410264053,100,64,1.0,5,0
803,0.7296452549695615,0.07647496462014264,0.00035159199136530045,100,66,1.0,4,0
804,0.73288372430182,0.07307299799627813,0.0006455848782007392,100,56,2.0,4,0
805,0.7458604379402399,0.06825087447929581,0.0008501711380527479,100,65,1.0,4,0
806,0.7424148881497691,0.07116871522717083,0.0007096153957769422,100,68,1.0,3,0
807,0.7378644469182007,0.07274351584035318,0.0007406897635028104,100,57,1.0,5,0
808,0.7675397919530798,0.061912501023790374,0.0009588346299386648,100,64,1.0,4,0
809,0.7671674887531161,0.05472348860084602,0.0014594805378010363,100,57,1.0,5,0
810,0.789723611298405,0.05538463991671831,0.0011536838448696803,100,61,2.0,4,0
811,0.8229184886377416,0.053268369265878086,0.0008194001525792273,100,59,1.0,5,0
812,0.8191406940832748,0.052038169979831086,0.0008716214522166743,100,60,1.0,4,0
813,0.7998375764029082,0.055723456958128435,0.0009278084952813847,100,63,1.0,4,0
814,0.7760887354779996,0.061601635151579556,0.0008210736196942054,100,69,1.0,4,0
815,0.792409456345069,0.05829743575301313,0.0008022343313520842,100,61,1.0,4,0
816,0.7980552777249489,0.059224391102155334,0.000631743265732424,100,66,1.0,4,0
817,0.7972341127823906,0.058244040093368275,0.0007428692930512435,100,63,1.0,4,0
818,0.8310204758224304,0.049465126731012714,0.0007988894228157218,100,66,1.0,4,0
819,0.8243988503654481,0.052824730887329946,0.0007257131794375548,100,65,1.0,7,0
820,0.83583600479448,0.051153327836652836,0.0006771808721912007,100,60,2.0,4,0
821,0.8304564429431939,0.05579827073592724,0.000490189167729126,100,64,1.0,4,0
822,0.8608183185669112,0.05051323655245445,0.0003405279691057867,100,60,2.0,4,0
823,0.8637575155281328,0.04987101049745566,0.0003053805321628333,100,63,1.0,4,0
824,0.8583301297221135,0.04943645345862292,0.00033080728465046256,100,69,1.0,5,0
825,0.8274378470774921,0.05447623299969271,0.0004944946572580017,100,67,1.0,4,0
826,0.8311346904471405,0.05606074075224107,0.00031692137022457003,100,63,1.0,6,0
827,0.812999337514932,0.06090581443683522,0.0003017418234879854,100,64,1.0,6,0
828,0.7970867369656428,0.0628489429351435,0.0003544061248715404,100,62,1.0,4,0
829,0.7929612498204971,0.06507505922877053,0.0002837421938762118,100,66,1.0,4,0
830,0.8006083782894347,0.06416132073177189,0.00019525738822505313,100,60,1.0,4,0
831,0.7633643395602321,0.06902065060716428,0.0004091525294366636,100,65,1.0,5,0
832,0.7402093571163927,0.07149710079497856,0.0005660939645541332,100,67,1.0,4,0
833,0.6911278023476959,0.07749634067903531,0.0008520374325632599,100,60,1.0,6,0
834,0.7104771273326511,0.07544396193307236,0.0006457595179618156,100,63,1.0,6,0
835,0.720639975245992,0.07861832725430191,0.0002447668211887571,100,63,1.0,5,0
836,0.7197858719981052,0.0791359341040084,0.00023039020779595757,100,65,1.0,5,0
837,0.7380939963835864,0.07467188278132693,0.0003557244972612183,100,63,1.0,4,0
838,0.7485999069087653,0.07393037986975766,0.0002084253186185091,100,64,1.0,4,0
839,0.7555428178341563,0.07201754636244635,0.0002665136517579975,100,67,1.0,3,0
840,0.7632745928935697,0.0710291183463172,0.00024283021641916466,100,59,2.0,4,0
841,0.7733475360419522,0.06839960736671637,0.0002965758806531553,100,63,1.0,4,0
842,0.8065400647472206,0.062342170922875126,0.0002841069717818835,100,65,1.0,5,0
843,0.8086260870054722,0.0616231888993653,0.0003046800407600754,100,64,1.0,5,0
844,0.8096923310041739,0.062427121454762334,0.0003173323467082375,100,65,1.0,4,0
845,0.8399039907746177,0.05643675792635616,0.00028051285623117864,100,64,1.0,4,0
846,0.8318316009111076,0.05875028538531542,0.00025198275791854356,100,65,1.0,4,0
847,0.8348566674367249,0.057975774222769026,0.0002537000705066501,100,59,1.0,4,0
848,0.8506521254299102,0.05592012287330536,7.073193480208644e-05,100,66,1.0,4,0
849,0.8523996842133981,0.052901012318764734,0.00024111402520496004,100,59,1.0,5,0
850,0.8539830624291139,0.04924772755486944,0.00043221467726127716,100,59,1.0,5,0
851,0.8646726926130667,0.04755408041770085,0.0003565996241195334,100,64,1.0,4,0
852,0.8707033067875903,0.045508334877884665,0.00036522563059838926,100,61,1.0,5,0
853,0.8558507381215484,0.04447628997392742,0.0006137975265019273,100,63,1.0,4,0
854,0.8747337049758731,0.04572515245694262,0.00031107013879989317,100,64,1.0,4,0
855,0.8652602864706335,0.04232168279542677,0.000579378905466408,100,57,2.0,5,0
856,0.8200822592348611,0.044526478536902205,0.001116283654109141,100,65,1.0,5,0
857,0.8548042661360333,0.041403469336110374,0.0007501812306199361,100,63,1.0,4,0
858,0.8559615994379003,0.03647185032747513,0.0009364339114920502,100,67,1.0,4,0
859,0.8796962214617245,0.02905589910200603,0.0008890743455133666,100,61,1.0,4,0
860,0.9046735633094241,0.01861878089884272,0.0008450108967072646,100,62,1.0,4,0
861,0.9135502381140935,0.0145770511718118,0.0008135541474734247,100,68,1.0,4,0
862,0.9151490598044874,0.009981123689148117,0.0008545831906603593,100,63,1.0,5,0
863,0.9125464132674579,0.014465018788369857,0.000828997434377997,100,60,2.0,4,0
864,0.9174689461668681,0.013797153354946157,0.0007863543325580118,100,63,1.0,4,0
865,0.9169049604845958,0.009152513376272963,0.0008569382169094437,100,68,1.0,3,0
866,0.8921400730605898,0.015282597128072674,0.0011730831224173578,100,68,1.0,4,0
867,0.9127692874905239,0.01654125563851551,0.0008121894640567059,100,63,1.0,5,0
868,0.9206640413387858,0.016381014078717712,0.0007230220684237697,100,61,1.0,5,0
869,0.9223461518579567,0.017405474962812674,0.0006836108710731655,100,69,1.0,3,0
870,0.9118216298608149,0.018621753222874144,0.0008032763837780648,100,67,1.0,3,0
871,0.91060594419004,0.02080104975195055,0.000763742408528628,100,61,1.0,4,0
872,0.9054193681406061,0.02499321305362156,0.0007148201456891377,100,65,1.0,4,0
873,0.9033028488357401,0.024173242818199884,0.0007434243807759798,100,66,1.0,3,0
874,0.9029831156521452,0.026858672752465992,0.0006943919004599753,100,66,1.0,5,0
875,0.8960767666080498,0.02679891126365923,0.0007634715482909767,100,63,1.0,5,0
876,0.9148613813260404,0.0176630176497063,0.0007671331264491096,100,66,1.0,5,0
877,0.9147202112565184,0.0185704066711502,0.0007513749233774415,100,64,1.0,4,0
878,0.8958735614298319,0.025925962696369022,0.0007978515795755046,100,67,1.0,4,0
879,0.8909759718423454,0.027704367740000492,0.000804279188605032,100,59,1.0,6,0
880,0.8651074870256545,0.03772286236999694,0.0007799084537728414,100,64,1.0,4,0
881,0.861739566695809,0.03729792966361899,0.0008679993598198764,100,61,2.0,4,0
882,0.8778301144255145,0.03621130406548814,0.0007190951752900618,100,58,1.0,5,0
883,0.9021866946230592,0.03431460039649605,0.0004904308984783466,100,63,1.0,5,0
884,0.892932661044741,0.0391077444232567,0.0004003069210825242,100,63,1.0,5,0
885,0.8805093411209707,0.043374150833428764,0.00037149640286288186,100,60,2.0,3,0
886,0.858315191476528,0.048899266120487464,0.0004008916028593361,100,68,1.0,4,0
887,0.8208686610208528,0.05652971592015191,0.00052426040095877,100,63,1.0,4,0
888,0.8230334652155833,0.054588430359128345,0.0006288737463926811,100,60,1.5,4,0
889,0.8640521807075785,0.044965566427113454,0.0005109141346970809,100,65,1.0,4,0
890,0.8520304523160283,0.051053927381680415,0.0003380493595475402,100,58,1.0,5,0
891,0.8279957738105759,0.05484535530709364,0.0004771250709744141,100,65,1.0,5,0
892,0.8069040883921548,0.06106107806230256,0.00037939790236271115,100,66,1.0,6,0
893,0.8031407356496939,0.06177464665612545,0.0003385006730980657,100,63,1.0,5,0
894,0.7836482302880036,0.06533206535784546,0.0003746109896797386,100,64,1.0,4,0
895,0.7732348862441971,0.0675766298450877,0.0003370510791955805,100,62,1.0,4,0
896,0.7577550001772113,0.0688424843749457,0.0005263083959061867,100,61,1.0,4,0
897,0.729295191495811,0.07544654530611565,0.0005596967599727831,100,68,1.0,4,0
898,0.7383617063907125,0.07368056608388633,0.00042211775824578106,100,60,1.0,4,0
899,0.7394686805391351,0.0714242054221308,0.0006204728802105657,100,60,1.0,4,0
900,0.7466050464479383,0.07219440871288937,0.00039820275505085035,100,60,2.0,3,0
901,0.7482202392434653,0.07164250907041046,0.00043612741102969993,100,62,1.0,4,0
902,0.7357706276279581,0.07385668612691429,0.00045098579418653646,100,65,1.0,4,0
903,0.722352823443837,0.07738262427593245,0.00038071021020121335,100,59,1.0,4,0
904,0.7137249796556395,0.07900724188905302,0.00036857918630164936,100,55,1.0,5,0
905,0.6970587055056947,0.08284204168556972,0.0003162705187457343,100,64,1.0,5,0
906,0.7053866448913424,0.08040550791372023,0.00043137040947111363,100,67,1.0,3,0
907,0.6952970570212976,0.08193306450404185,0.0004750596442574988,100,59,2.0,4,0
908,0.7200089450872421,0.07561164074817556,0.000645528970027777,100,68,1.0,4,0
909,0.7363181576966826,0.0728719157506011,0.0005806846628135158,100,65,1.0,4,0
910,0.7324891832420222,0.07071155006432064,0.0008219591019459835,100,63,1.0,4,0
911,0.7452672500156795,0.06880986176939607,0.0007407987288924249,100,67,1.0,4,0
912,0.7325480809804101,0.07157441582156518,0.0007534769846058564,100,64,1.0,4,0
913,0.7456460000757812,0.07043035461157242,0.0006570875382669289,100,64,1.0,5,0
914,0.7681903083461324,0.06752190609046538,0.0005237458430028679,100,65,1.0,4,0
915,0.7599370081993004,0.06779527457647921,0.0006430988008664213,100,63,1.0,3,0
916,0.787282263905745,0.06398297802973706,0.0004471065654895668,100,65,1.0,4,0
917,0.7755912220355196,0.06630874847176854,0.0004077765440673408,100,62,1.0,3,0
918,0.7845999491662201,0.06315644501489762,0.0004787562228156446,100,65,1.0,5,0
919,0.773931568266866,0.06846720469881597,0.0002904978847050777,100,68,1.0,3,0
920,0.7720100370173074,0.06708774098956509,0.00039187015200482144,100,66,1.0,5,0
921,0.7620438507362567,0.06494644441503986,0.0006996253843677536,100,65,1.0,4,0
922,0.74514479320729,0.06805584316650694,0.0007218116053717635,100,64,1.0,4,0
923,0.7071779516877453,0.07601302837012468,0.0006619891197437529,100,61,1.0,4,0
924,0.6928600016792281,0.07647953732850625,0.0008092185303713419,100,63,1.0,4,0
925,0.6950171287111655,0.07084903677992388,0.0012728429891993031,100,66,1.0,4,0
926,0.6978729166143905,0.0723397000095162,0.0011146788122624802,100,63,1.0,4,0
927,0.7269300363313937,0.06002718370739379,0.0015446734833727627,100,68,1.0,6,0
928,0.7603099147606772,0.042091027543781794,0.002019160389649186,100,67,1.0,3,0
929,0.7892163723271121,0.03302070897424702,0.001977164408461465,100,66,1.0,5,0
930,0.7989866011252488,0.036874130653310425,0.001730397509346115,100,67,1.0,4,0
931,0.8427934755512482,0.02180930132944695,0.0015539176363809984,100,59,1.0,4,0
932,0.843175182677296,0.030845296818266622,0.0013376395764729814,100,62,1.0,4,0
933,0.8603366298638225,0.027238174552713497,0.0012413432503997775,100,63,1.0,4,0
934,0.8636433180736875,0.025777750363681688,0.0012855886412159883,100,57,2.0,4,0
935,0.8676588325429173,0.02146606087958066,0.0013348536437990152,100,66,1.0,4,0
936,0.8745511406389703,0.014758462979646243,0.0013491039004723095,100,63,1.0,4,0
937,0.8996102302103935,0.0074462768225013656,0.0010926487356248036,100,65,1.0,4,0
938,0.8923083856101206,0.0014702053117194417,0.0012147215284167658,100,61,1.0,5,0
939,0.8692577716074638,0.00624797166777525,0.001753896763045701,100,64,1.0,4,0
940,0.8852025045098618,0.011290452699658438,0.0012892858748011688,100,66,1.0,4,0
941,0.852766471243915,0.016517240107866996,0.0016518276631617478,100,62,1.0,4,0
942,0.8600875411918384,0.015068109974590004,0.0015669716504452193,100,69,1.0,4,0
943,0.8813984143622011,0.01446498676045996,0.0012782492708914295,100,65,1.0,5,0
944,0.8874179944443177,0.021987433921356728,0.0010423724046994883,100,67,1.0,3,0
945,0.8913162805366776,0.02028715504529481,0.0010457412864560737,100,59,1.0,4,0
946,0.8849053114929372,0.02459957054385949,0.0010517682081274775,100,68,1.0,4,0
947,0.9051968602166227,0.01896797780004161,0.0008970419744984251,100,66,1.0,4,0
948,0.9199534592465048,0.014248032786490875,0.0007734962289036474,100,59,1.0,6,0
949,0.9093104295066187,0.014987807464172621,0.0009724120673801018,100,57,1.0,5,0
950,0.9168449944489536,0.014589529816913164,0.0008153504713743988,100,64,1.0,6,0
951,0.9029124826043281,0.01811489637408244,0.0009204248714952546,100,69,1.0,3,0
952,0.878534988288364,0.02403009238786957,0.001096791660908117,100,60,2.0,3,0
953,0.8875728025047332,0.02514873715785676,0.0009481979545295735,100,63,1.0,4,0
954,0.8890463112354577,0.021840761861788644,0.0010122159042978184,100,63,1.0,5,0
955,0.8799715792291891,0.015404505662792712,0.001268690398612792,100,61,1.0,4,0
956,0.8901122146102862,0.01718683626524448,0.0010809422373603554,100,59,1.0,5,0
957,0.8963549429690117,0.02462784092841528,0.0008393822406731117,100,67,1.0,5,0
958,0.9183836170746522,0.012620244526125588,0.0008001871401994438,100,66,1.0,6,0
959,0.936112407982649,0.014677848179313393,0.0005626164622547946,100,65,1.0,4,0
960,0.9388636226328397,0.008669022954104443,0.0006000612976130378,100,59,2.0,6,0
961,0.9357067391616328,0.008032843524798045,0.0006447618356728148,100,67,1.0,4,0
962,0.9410030046806155,0.00818788861758827,0.0005822974320395351,100,61,1.0,4,0
963,0.9304036365869951,0.008087190482104054,0.0007056360300720847,100,64,1.0,4,0
964,0.9330048030167043,0.00872029963266697,0.0006724621282135847,100,65,1.0,5,0
965,0.9279692604798262,0.010741870781190498,0.0007604490578683048,100,63,1.0,4,0
966,0.9385615466756172,0.007510529479254662,0.0006381671211622286,100,65,1.0,4,0
967,0.9378373957041307,0.00467565375842047,0.0006633625259912597,100,65,1.0,5,0
968,0.940119355326355,0.004017726391271115,0.0006434381044782355,100,62,1.0,4,0
969,0.9254622905046423,0.006647551620225614,0.0008016826305445933,100,64,1.0,5,0
970,0.9196840010935462,0.009430186341981988,0.0008542580777872858,100,63,1.0,4,0
971,0.9229502721135932,0.01113444317720446,0.0008921649889482018,100,59,2.0,4,0
972,0.9380053203215191,0.011384105501647278,0.0007334961542827777,100,66,1.0,4,0
973,0.9444422747614684,0.015587534925499844,0.0005055245136850728,100,65,1.0,4,0
974,0.9423574750575655,0.013739455822290452,0.0005560536610897009,100,59,2.0,3,0
975,0.9415477772412372,0.019463282296293495,0.0004580119291830362,100,61,1.0,4,0
976,0.9457218410401234,0.01908614525610208,0.00041821203334128996,100,68,1.0,4,0
977,0.9691346346183611,0.0193948194678971,0.00013937380312462213,100,67,1.0,4,0
978,0.9622350501635312,0.02118558220679557,0.0001790069103581127,100,58,1.0,5,0
979,0.960660928376153,0.022505984503993937,0.00015394292549700768,100,56,2.0,4,0
980,0.953255118967498,0.025203595449291148,0.0001662413114937129,100,61,1.0,7,0
981,0.9375369898849144,0.025005770801233496,0.00033927132281145106,100,66,1.0,3,0
982,0.9335120333536342,0.028412884083197733,0.0002913804818686083,100,62,1.0,5,0
983,0.911185608667922,0.03203498705303372,0.0004309209893270334,100,65,1.0,3,0
984,0.9012007628111107,0.037736392802672825,0.0003461509442850391,100,62,1.0,5,0
985,0.888276335449557,0.039489459666750854,0.0004189764717094825,100,62,1.0,4,0
986,0.8695697936366186,0.041878697316048305,0.0005497272076242528,100,65,1.0,4,0
987,0.8717519207633129,0.032909125622155845,0.0008550808858008802,100,61,1.0,5,0
988,0.865571913040844,0.03258900811636568,0.0009678365776421971,100,63,1.0,5,0
989,0.8646463456239657,0.03299934105634617,0.000941782410197893,100,67,1.0,4,0
990,0.8410354654868235,0.042574093638611844,0.0008732412997619474,100,61,1.0,5,0
991,0.8472085870474705,0.041351133777178355,0.0008324496125299908,100,68,1.0,4,0
992,0.8329102274536975,0.040661624923499416,0.0010679613656364329,100,65,1.0,5,0
993,0.8340925436248345,0.03906448458709863,0.001135428834497209,100,65,1.0,5,0
994,0.8312841590917869,0.03805910316461144,0.0012115610244252336,100,57,1.0,4,0
995,0.8190989687439179,0.04293841524904597,0.001192256548166755,100,63,1.0,4,0
996,0.8558686452404917,0.031936147697086505,0.0011814072508453581,100,70,1.0,4,0
997,0.8648549803076904,0.031274918411137546,0.0010653593283064945,100,65,1.0,3,0
998,0.8546109354677285,0.038100641252540285,0.0010052183974241164,100,60,1.0,4,0
999,0.8569381005156141,0.034839871420073734,0.0011097834085413518,100,59,1.0,4,0
